0.000000
0.000000
0.000000
0.000000
0.000000
0.000000
0.000000
0.000000
0.000000
0.000000
0.000000
0.000000
0.000000
0.000000
0.000000
0.000000
0.000000
0.000000
0.000000
0.000000
0.000000
0.000000
0.000000
0.000000
0.000000
0.000000
0.000000
0.000000
0.000000
0.000000
0.000000
0.000000
0.000000
0.000000
0.000000
0.000000
0.000000
0.000000
0.000000
0.000000
0.000000
0.000000
0.000000
0.000000
0.000000
0.000000
0.000000
0.000000
0.000000
0.000000
0.000000
0.000000
0.000000
0.000000
0.000000
0.000000
0.000000
0.000000
0.000000
0.000000
0.000000
0.000000
0.000000
0.000000
0.000000
0.000000
0.000000
0.000000
0.000000
0.000000
0.000000
0.000000
0.000000
0.000000
0.000000
0.000000
0.000000
0.000000
0.007843
0.054902
0.015686
0.011765
0.019608
0.027451
0.019608
0.011765
0.003922
0.000000
0.000000
0.000000
0.000000
0.000000
0.000000
0.000000
0.000000
0.000000
0.000000
0.000000
0.000000
0.000000
0.000000
0.000000
0.000000
0.000000
0.000000
0.007843
0.031373
0.141176
0.219608
0.223529
0.384314
0.631373
0.482353
0.482353
0.588235
0.650980
0.576471
0.474510
0.360784
0.219608
0.105882
0.066667
0.047059
0.015686
0.007843
0.000000
0.000000
0.000000
0.000000
0.000000
0.000000
0.000000
0.000000
0.003922
0.019608
0.062745
0.133333
0.423529
0.631373
0.886275
0.952941
0.956863
0.992157
1.000000
1.000000
1.000000
1.000000
1.000000
1.000000
1.000000
0.988235
0.952941
0.850980
0.788235
0.701961
0.501961
0.278431
0.070588
0.000000
0.000000
0.000000
0.000000
0.000000
0.003922
0.082353
0.290196
0.600000
0.792157
0.898039
0.992157
1.000000
1.000000
1.000000
1.000000
1.000000
1.000000
1.000000
1.000000
1.000000
1.000000
1.000000
1.000000
1.000000
1.000000
1.000000
1.000000
1.000000
1.000000
0.925490
0.623529
0.000000
0.000000
0.000000
0.000000
0.000000
0.156863
0.819608
0.984314
1.000000
1.000000
1.000000
1.000000
1.000000
1.000000
1.000000
0.992157
0.992157
0.984314
0.956863
0.976471
1.000000
1.000000
0.827451
0.874510
0.843137
0.835294
0.862745
0.968627
0.972549
0.972549
0.933333
0.709804
0.000000
0.000000
0.000000
0.000000
0.003922
0.576471
1.000000
1.000000
1.000000
1.000000
1.000000
0.996078
0.941176
0.811765
0.592157
0.388235
0.392157
0.305882
0.215686
0.666667
1.000000
0.964706
0.149020
0.105882
0.086275
0.082353
0.105882
0.231373
0.239216
0.270588
0.231373
0.117647
0.000000
0.000000
0.000000
0.000000
0.050980
0.878431
1.000000
1.000000
1.000000
0.972549
0.784314
0.470588
0.196078
0.078431
0.023529
0.007843
0.003922
0.003922
0.007843
0.686275
1.000000
0.960784
0.086275
0.000000
0.000000
0.000000
0.000000
0.000000
0.000000
0.003922
0.003922
0.000000
0.000000
0.000000
0.000000
0.000000
0.109804
0.976471
1.000000
1.000000
0.870588
0.352941
0.070588
0.015686
0.000000
0.000000
0.000000
0.000000
0.015686
0.003922
0.007843
0.725490
1.000000
0.952941
0.078431
0.000000
0.000000
0.000000
0.000000
0.000000
0.000000
0.000000
0.000000
0.000000
0.000000
0.000000
0.000000
0.000000
0.066667
0.909804
1.000000
0.701961
0.109804
0.007843
0.000000
0.000000
0.003922
0.003922
0.000000
0.000000
0.050980
0.019608
0.003922
0.631373
1.000000
0.917647
0.050980
0.000000
0.000000
0.000000
0.000000
0.000000
0.000000
0.000000
0.000000
0.000000
0.000000
0.000000
0.000000
0.000000
0.011765
0.670588
1.000000
0.843137
0.105882
0.027451
0.039216
0.200000
0.372549
0.254902
0.043137
0.000000
0.015686
0.003922
0.003922
0.658824
1.000000
0.854902
0.027451
0.000000
0.000000
0.000000
0.000000
0.000000
0.000000
0.000000
0.000000
0.000000
0.000000
0.000000
0.000000
0.000000
0.000000
0.196078
0.800000
0.992157
0.282353
0.227451
0.576471
0.937255
0.992157
0.956863
0.584314
0.066667
0.000000
0.000000
0.015686
0.784314
1.000000
0.772549
0.011765
0.000000
0.000000
0.000000
0.000000
0.000000
0.000000
0.000000
0.000000
0.000000
0.000000
0.000000
0.000000
0.000000
0.000000
0.003922
0.247059
0.737255
0.156863
0.725490
0.996078
1.000000
1.000000
1.000000
0.996078
0.545098
0.011765
0.000000
0.031373
0.874510
1.000000
0.576471
0.003922
0.000000
0.000000
0.000000
0.000000
0.000000
0.000000
0.000000
0.000000
0.000000
0.000000
0.000000
0.000000
0.000000
0.000000
0.000000
0.011765
0.070588
0.168627
0.976471
1.000000
1.000000
1.000000
1.000000
1.000000
0.941176
0.149020
0.000000
0.074510
0.933333
1.000000
0.411765
0.000000
0.000000
0.000000
0.000000
0.000000
0.000000
0.000000
0.000000
0.000000
0.000000
0.000000
0.000000
0.000000
0.000000
0.000000
0.000000
0.000000
0.007843
0.501961
1.000000
0.992157
0.670588
0.917647
0.882353
0.996078
1.000000
0.686275
0.050980
0.219608
0.996078
1.000000
0.352941
0.000000
0.000000
0.000000
0.000000
0.000000
0.000000
0.000000
0.000000
0.000000
0.000000
0.000000
0.000000
0.000000
0.000000
0.000000
0.000000
0.000000
0.125490
0.905882
1.000000
0.756863
0.105882
0.227451
0.196078
0.639216
1.000000
0.992157
0.329412
0.400000
1.000000
1.000000
0.207843
0.000000
0.000000
0.000000
0.000000
0.000000
0.000000
0.000000
0.000000
0.000000
0.000000
0.000000
0.000000
0.000000
0.000000
0.000000
0.000000
0.000000
0.462745
1.000000
0.988235
0.274510
0.003922
0.003922
0.003922
0.082353
0.905882
1.000000
0.792157
0.603922
1.000000
1.000000
0.152941
0.000000
0.000000
0.000000
0.000000
0.000000
0.000000
0.000000
0.000000
0.000000
0.000000
0.000000
0.000000
0.000000
0.000000
0.000000
0.000000
0.031373
0.796078
1.000000
0.807843
0.031373
0.000000
0.000000
0.000000
0.007843
0.686275
1.000000
0.996078
0.925490
1.000000
0.992157
0.145098
0.000000
0.000000
0.000000
0.000000
0.000000
0.000000
0.000000
0.000000
0.000000
0.000000
0.000000
0.000000
0.000000
0.000000
0.000000
0.000000
0.243137
0.976471
1.000000
0.462745
0.000000
0.000000
0.000000
0.000000
0.000000
0.380392
0.996078
1.000000
1.000000
1.000000
0.878431
0.050980
0.000000
0.000000
0.000000
0.000000
0.000000
0.000000
0.000000
0.000000
0.000000
0.000000
0.000000
0.000000
0.000000
0.000000
0.000000
0.019608
0.682353
1.000000
0.862745
0.094118
0.000000
0.000000
0.000000
0.000000
0.000000
0.066667
0.843137
1.000000
1.000000
1.000000
0.631373
0.003922
0.000000
0.000000
0.000000
0.000000
0.000000
0.000000
0.000000
0.000000
0.000000
0.000000
0.000000
0.000000
0.000000
0.000000
0.000000
0.152941
0.956863
1.000000
0.486275
0.003922
0.000000
0.000000
0.000000
0.000000
0.000000
0.003922
0.411765
1.000000
1.000000
0.996078
0.325490
0.000000
0.000000
0.000000
0.000000
0.000000
0.000000
0.000000
0.000000
0.000000
0.000000
0.000000
0.000000
0.000000
0.000000
0.000000
0.007843
0.572549
1.000000
0.992157
0.231373
0.000000
0.000000
0.000000
0.000000
0.000000
0.000000
0.000000
0.113725
0.949020
1.000000
0.909804
0.074510
0.000000
0.000000
0.000000
0.000000
0.000000
0.000000
0.000000
0.000000
0.000000
0.000000
0.000000
0.000000
0.000000
0.000000
0.000000
0.109804
0.921569
1.000000
0.811765
0.050980
0.000000
0.000000
0.000000
0.000000
0.000000
0.000000
0.000000
0.019608
0.776471
1.000000
0.666667
0.007843
0.000000
0.000000
0.000000
0.000000
0.000000
0.000000
0.000000
0.000000
0.000000
0.000000
0.000000
0.000000
0.000000
0.000000
0.000000
0.419608
1.000000
0.992157
0.360784
0.000000
0.000000
0.000000
0.000000
0.000000
0.000000
0.000000
0.000000
0.003922
0.423529
0.909804
0.298039
0.000000
0.000000
0.000000
0.000000
0.000000
0.000000
0.000000
0.000000
0.000000
0.000000
0.000000
0.000000
0.000000
0.000000
0.000000
0.000000
0.721569
1.000000
0.819608
0.050980
0.000000
0.000000
0.000000
0.000000
0.000000
0.000000
0.000000
0.000000
0.000000
0.039216
0.152941
0.023529
0.000000
0.000000
0.000000
0.000000
0.000000
0.000000
0.000000
0.000000
0.000000
0.000000
0.000000
0.000000
0.000000
0.000000
0.000000
0.000000
0.964706
1.000000
0.482353
0.015686
0.000000
0.000000
0.000000
0.000000
0.000000
0.000000
0.000000
0.000000
0.000000
0.000000
0.000000
0.000000
0.000000
0.000000
0.000000
0.000000
0.000000
0.000000
0.000000
0.000000
0.000000
0.000000
0.000000
0.000000
0.000000
0.000000
0.000000
0.000000
1.000000
1.000000
0.756863
0.133333
0.000000
0.000000
0.000000
0.000000
0.000000
0.000000
0.000000
0.000000
0.000000
0.000000
0.000000
0.000000
0.000000
0.000000
0.000000
0.000000
0.000000
0.000000
0.000000
0.000000
0.000000
0.000000
0.000000
0.000000
0.000000
0.000000
0.000000
0.000000
1.000000
1.000000
0.956863
0.156863
0.000000
0.000000
0.000000
0.000000
0.000000
0.000000
0.000000
0.000000
0.000000
0.000000
0.000000
0.000000
0.000000
0.000000
0.000000
0.000000
0.000000
0.000000
0.000000
0.000000
0.000000
0.000000
0.000000
0.000000
0.000000
0.000000
0.000000
0.000000
1.000000
1.000000
0.764706
0.031373
0.000000
0.000000
0.000000
0.000000
0.000000
0.000000
0.000000
0.000000
0.000000
0.000000
0.000000
0.000000
0.000000
0.000000
0.000000
0.000000
0.000000
0.000000
0.000000
0.000000
0.000000
0.000000
0.000000
0.000000
0.000000
0.000000
0.000000
0.000000
0.000000
0.000000
0.000000
0.000000
0.000000
0.000000
0.000000
0.000000
0.000000
0.000000
0.000000
0.000000
0.000000
0.000000
0.000000
0.000000
0.000000
0.000000
0.000000
0.000000
0.000000
0.000000
0.000000
0.000000
0.000000
0.000000
0.000000
0.000000
0.000000
0.000000
0.000000
0.000000
0.000000
0.000000
0.000000
0.000000
0.000000
0.000000
0.000000
0.000000
0.000000
0.000000
0.000000
0.000000
0.000000
0.000000
0.000000
0.000000
0.000000
0.000000
0.000000
0.000000
0.000000
0.000000
0.000000
0.000000
0.000000
0.000000
0.000000
0.000000
0.000000
0.000000
