0.000000 0.000000 0.000000 0.000000 0.000000 0.000000 0.000000 0.000000 0.000000 0.000000 0.000000 0.000000 0.000000 0.000000 0.000000 0.000000 0.000000 0.000000 0.000000 0.000000 0.000000 0.000000 0.000000 0.000000 0.000000 0.000000 0.000000 0.000000 0.000000 0.000000 0.000000 0.000000
0.000000 0.000000 0.000000 0.000000 0.000000 0.000000 2.564185 0.000000 0.000000 16.096397 0.000000 0.000000 0.000000 0.000000 0.000000 0.000000 0.000000 0.000000 0.000000 0.000000 0.000000 0.000000 1.019831 0.000000 0.000000 5.469355 0.000000 0.000000 0.000000 0.000000 0.000000 0.000000
0.000000 0.000000 0.000000 0.000000 6.149649 0.000000 2.564185 0.000000 0.000000 16.096397 0.000000 7.227780 0.000000 0.000000 0.000000 0.000000 0.000000 0.000000 0.000000 0.000000 0.000000 0.000000 1.019831 0.000000 0.000000 5.469355 0.000000 6.728401 0.000000 0.000000 0.000000 0.000000
0.000000 0.000000 0.000000 0.000000 0.000000 6.149649 2.564185 0.000000 0.000000 16.096397 7.227780 0.000000 0.000000 0.000000 0.000000 0.000000 0.000000 0.000000 0.000000 0.000000 0.000000 0.000000 1.019831 0.000000 0.000000 5.469355 6.728401 0.000000 0.000000 0.000000 0.000000 0.000000
0.000000 0.000000 13.591859 0.000000 0.000000 6.149649 0.000000 2.564185 16.096397 0.000000 7.227780 0.000000 0.000000 27.956804 0.000000 0.000000 0.000000 0.000000 1.167832 0.000000 0.000000 0.000000 0.000000 1.019831 5.469355 0.000000 6.728401 0.000000 0.000000 45.054558 0.000000 0.000000
0.000000 0.000000 0.000000 13.591859 13.591859 0.000000 6.149649 2.564185 16.096397 7.227780 0.000000 27.956804 27.956804 0.000000 0.000000 0.000000 0.000000 0.000000 0.000000 1.167832 1.167832 0.000000 0.000000 1.019831 5.469355 6.728401 0.000000 45.054558 45.054558 0.000000 0.000000 0.000000
0.000000 4.185941 4.185941 4.185941 0.000000 13.591859 0.000000 8.713834 23.324177 0.000000 27.956804 0.000000 4.918444 4.918444 4.918444 0.000000 0.000000 1.482032 1.482032 1.482032 0.000000 1.167832 0.000000 1.019831 12.197755 0.000000 45.054558 0.000000 4.472697 4.472697 4.472697 0.000000
0.000000 0.000000 0.000000 0.000000 4.185941 4.185941 17.777800 26.491634 56.199426 32.875248 4.918444 4.918444 0.000000 0.000000 0.000000 0.000000 0.000000 0.000000 0.000000 0.000000 1.482032 1.482032 2.649863 3.669694 61.725010 49.527255 4.472697 4.472697 0.000000 0.000000 0.000000 0.000000
0.000000 0.000000 0.000000 0.000000 4.918444 4.918444 32.875248 56.199426 26.491634 17.777800 4.185941 4.185941 0.000000 0.000000 0.000000 0.000000 0.000000 0.000000 0.000000 0.000000 4.472697 4.472697 49.527255 61.725010 3.669694 2.649863 1.482032 1.482032 0.000000 0.000000 0.000000 0.000000
0.000000 4.918444 4.918444 4.918444 0.000000 27.956804 0.000000 23.324177 8.713834 0.000000 13.591859 0.000000 4.185941 4.185941 4.185941 0.000000 0.000000 4.472697 4.472697 4.472697 0.000000 45.054558 0.000000 12.197755 1.019831 0.000000 1.167832 0.000000 1.482032 1.482032 1.482032 0.000000
0.000000 0.000000 0.000000 27.956804 27.956804 0.000000 7.227780 16.096397 2.564185 6.149649 0.000000 13.591859 13.591859 0.000000 0.000000 0.000000 0.000000 0.000000 0.000000 45.054558 45.054558 0.000000 6.728401 5.469355 1.019831 0.000000 0.000000 1.167832 1.167832 0.000000 0.000000 0.000000
0.000000 0.000000 27.956804 0.000000 0.000000 7.227780 0.000000 16.096397 2.564185 0.000000 6.149649 0.000000 0.000000 13.591859 0.000000 0.000000 0.000000 0.000000 45.054558 0.000000 0.000000 6.728401 0.000000 5.469355 1.019831 0.000000 0.000000 0.000000 0.000000 1.167832 0.000000 0.000000
0.000000 0.000000 0.000000 0.000000 0.000000 7.227780 16.096397 0.000000 0.000000 2.564185 6.149649 0.000000 0.000000 0.000000 0.000000 0.000000 0.000000 0.000000 0.000000 0.000000 0.000000 6.728401 5.469355 0.000000 0.000000 1.019831 0.000000 0.000000 0.000000 0.000000 0.000000 0.000000
0.000000 0.000000 0.000000 0.000000 7.227780 0.000000 16.096397 0.000000 0.000000 2.564185 0.000000 6.149649 0.000000 0.000000 0.000000 0.000000 0.000000 0.000000 0.000000 0.000000 6.728401 0.000000 5.469355 0.000000 0.000000 1.019831 0.000000 0.000000 0.000000 0.000000 0.000000 0.000000
0.000000 0.000000 0.000000 0.000000 0.000000 0.000000 16.096397 0.000000 0.000000 2.564185 0.000000 0.000000 0.000000 0.000000 0.000000 0.000000 0.000000 0.000000 0.000000 0.000000 0.000000 0.000000 5.469355 0.000000 0.000000 1.019831 0.000000 0.000000 0.000000 0.000000 0.000000 0.000000
0.000000 0.000000 0.000000 0.000000 0.000000 0.000000 0.000000 0.000000 0.000000 0.000000 0.000000 0.000000 0.000000 0.000000 0.000000 0.000000 0.000000 0.000000 0.000000 0.000000 0.000000 0.000000 0.000000 0.000000 0.000000 0.000000 0.000000 0.000000 0.000000 0.000000 0.000000 0.000000
0.000000 0.000000 0.000000 0.000000 0.000000 0.000000 0.000000 0.000000 0.000000 0.000000 0.000000 0.000000 0.000000 0.000000 0.000000 0.000000 0.000000 0.000000 0.000000 0.000000 0.000000 0.000000 0.000000 0.000000 0.000000 0.000000 0.000000 0.000000 0.000000 0.000000 0.000000 0.000000
0.000000 0.000000 0.000000 0.000000 0.000000 0.000000 4.574664 0.000000 0.000000 6.432718 0.000000 0.000000 0.000000 0.000000 0.000000 0.000000 0.000000 0.000000 0.000000 0.000000 0.000000 0.000000 4.452351 0.000000 0.000000 5.473273 0.000000 0.000000 0.000000 0.000000 0.000000 0.000000
0.000000 0.000000 0.000000 0.000000 2.697928 0.000000 4.574664 0.000000 0.000000 6.432718 0.000000 18.379997 0.000000 0.000000 0.000000 0.000000 0.000000 0.000000 0.000000 0.000000 4.199014 0.000000 4.452351 0.000000 0.000000 5.473273 0.000000 7.969646 0.000000 0.000000 0.000000 0.000000
0.000000 0.000000 0.000000 0.000000 0.000000 2.697928 4.574664 0.000000 0.000000 6.432718 18.379997 0.000000 0.000000 0.000000 0.000000 0.000000 0.000000 0.000000 0.000000 0.000000 0.000000 4.199014 4.452351 0.000000 0.000000 5.473273 7.969646 0.000000 0.000000 0.000000 0.000000 0.000000
0.000000 0.000000 15.969001 0.000000 0.000000 2.697928 0.000000 4.574664 6.432718 0.000000 18.379997 0.000000 0.000000 11.826817 0.000000 0.000000 0.000000 0.000000 5.643935 0.000000 0.000000 4.199014 0.000000 4.452351 5.473273 0.000000 7.969646 0.000000 0.000000 12.623989 0.000000 0.000000
0.000000 0.000000 0.000000 15.969001 15.969001 0.000000 2.697928 4.574664 6.432718 18.379997 0.000000 11.826817 11.826817 0.000000 0.000000 0.000000 0.000000 0.000000 0.000000 5.643935 5.643935 0.000000 4.199014 4.452351 5.473273 7.969646 0.000000 12.623989 12.623989 0.000000 0.000000 0.000000
0.000000 22.556778 22.556778 22.556778 0.000000 15.969001 0.000000 7.272592 24.812716 0.000000 11.826817 0.000000 5.952038 5.952038 5.952038 0.000000 0.000000 0.297356 0.297356 0.297356 0.000000 5.643935 0.000000 8.651365 13.442919 0.000000 12.623989 0.000000 0.464352 0.464352 0.464352 0.000000
0.000000 0.000000 0.000000 0.000000 22.556778 22.556778 38.525779 45.798371 42.591570 17.778854 5.952038 5.952038 0.000000 0.000000 0.000000 0.000000 0.000000 0.000000 0.000000 0.000000 0.297356 0.297356 5.941291 14.592656 26.531260 13.088341 0.464352 0.464352 0.000000 0.000000 0.000000 0.000000
0.000000 0.000000 0.000000 0.000000 5.952038 5.952038 17.778854 42.591570 45.798371 38.525779 22.556778 22.556778 0.000000 0.000000 0.000000 0.000000 0.000000 0.000000 0.000000 0.000000 0.464352 0.464352 13.088341 26.531260 14.592656 5.941291 0.297356 0.297356 0.000000 0.000000 0.000000 0.000000
0.000000 5.952038 5.952038 5.952038 0.000000 11.826817 0.000000 24.812716 7.272592 0.000000 15.969001 0.000000 22.556778 22.556778 22.556778 0.000000 0.000000 0.464352 0.464352 0.464352 0.000000 12.623989 0.000000 13.442919 8.651365 0.000000 5.643935 0.000000 0.297356 0.297356 0.297356 0.000000
0.000000 0.000000 0.000000 11.826817 11.826817 0.000000 18.379997 6.432718 4.574664 2.697928 0.000000 15.969001 15.969001 0.000000 0.000000 0.000000 0.000000 0.000000 0.000000 12.623989 12.623989 0.000000 7.969646 5.473273 4.452351 4.199014 0.000000 5.643935 5.643935 0.000000 0.000000 0.000000
0.000000 0.000000 11.826817 0.000000 0.000000 18.379997 0.000000 6.432718 4.574664 0.000000 2.697928 0.000000 0.000000 15.969001 0.000000 0.000000 0.000000 0.000000 12.623989 0.000000 0.000000 7.969646 0.000000 5.473273 4.452351 0.000000 4.199014 0.000000 0.000000 5.643935 0.000000 0.000000
0.000000 0.000000 0.000000 0.000000 0.000000 18.379997 6.432718 0.000000 0.000000 4.574664 2.697928 0.000000 0.000000 0.000000 0.000000 0.000000 0.000000 0.000000 0.000000 0.000000 0.000000 7.969646 5.473273 0.000000 0.000000 4.452351 4.199014 0.000000 0.000000 0.000000 0.000000 0.000000
0.000000 0.000000 0.000000 0.000000 18.379997 0.000000 6.432718 0.000000 0.000000 4.574664 0.000000 2.697928 0.000000 0.000000 0.000000 0.000000 0.000000 0.000000 0.000000 0.000000 7.969646 0.000000 5.473273 0.000000 0.000000 4.452351 0.000000 4.199014 0.000000 0.000000 0.000000 0.000000
0.000000 0.000000 0.000000 0.000000 0.000000 0.000000 6.432718 0.000000 0.000000 4.574664 0.000000 0.000000 0.000000 0.000000 0.000000 0.000000 0.000000 0.000000 0.000000 0.000000 0.000000 0.000000 5.473273 0.000000 0.000000 4.452351 0.000000 0.000000 0.000000 0.000000 0.000000 0.000000
0.000000 0.000000 0.000000 0.000000 0.000000 0.000000 0.000000 0.000000 0.000000 0.000000 0.000000 0.000000 0.000000 0.000000 0.000000 0.000000 0.000000 0.000000 0.000000 0.000000 0.000000 0.000000 0.000000 0.000000 0.000000 0.000000 0.000000 0.000000 0.000000 0.000000 0.000000 0.000000
