0.872967
0.991343
0.841575
0.000170
0.920640
0.463548
0.001943
0.629221
0.861670
0.891319
0.835117
0.985465
0.194306
0.245693
0.001632
0.921222
0.450846
0.001038
0.158710
0.670204
0.974890
0.979917
0.884733
0.006656
0.995675
0.982313
0.123563
0.074515
0.003270
0.999114
0.062424
0.973035
0.102949
0.000009
0.975020
0.640820
0.268309
0.816467
0.985291
0.087473
0.951431
0.509476
0.024403
0.239236
0.679152
0.736743
0.188921
0.222822
0.998980
0.785971
0.818455
0.005937
0.992329
0.993410
0.490266
0.001096
0.986939
0.834237
0.000575
0.244550
0.813330
0.997849
0.517386
0.056592
0.659915
0.814228
0.978142
0.093267
0.131813
0.001320
0.010256
0.868077
0.000980
0.989141
0.000787
0.446661
0.000626
0.237232
0.149627
0.967581
0.361796
0.992963
0.003011
0.014838
0.038325
0.002533
0.989333
0.047699
0.999911
0.282985
0.010014
0.888602
0.662741
0.170897
0.909815
0.907049
0.994372
0.878335
0.045177
0.983643
0.676049
0.002530
0.072554
0.172216
0.916809
0.996531
0.998832
0.995114
0.958704
0.703115
0.783612
0.061573
0.877014
0.120562
0.906082
0.987203
0.451080
0.105181
0.568594
0.001198
0.019790
0.981563
0.006607
0.057001
0.102583
0.026428
0.540016
0.349544
0.848738
0.000040
0.977472
0.005054
0.025676
0.924802
0.978202
0.961739
0.000021
0.457513
0.985069
0.524234
0.727762
0.998927
0.733961
0.013149
0.938692
0.358668
0.067501
0.000029
0.050813
0.811932
0.968224
0.882783
0.613283
0.000046
0.831043
0.016966
0.971392
0.929649
0.308715
0.752333
0.814314
0.004426
0.789696
0.997186
0.977886
0.011510
0.016414
0.241572
0.010375
0.997797
0.002026
0.037823
0.983731
0.987869
0.597308
0.967845
0.010089
0.927788
0.895430
0.777381
0.031337
0.152399
0.697410
0.351884
0.449666
0.981016
0.175060
0.300244
0.670527
0.478816
0.062748
0.009852
0.111296
0.008139
0.744118
0.981845
0.998122
0.971632
0.429899
0.556854
0.000438
0.024957
0.040713
0.989509
0.992145
0.996121
0.371018
0.010012
0.926037
0.002063
0.088522
0.011543
0.953757
0.408022
0.999835
0.948588
0.478484
0.005112
0.044832
0.010396
0.698718
0.598532
0.025359
0.056244
0.049581
0.270455
0.999063
0.891996
0.705013
0.074229
0.934496
0.899113
0.393125
0.014483
0.057530
0.004669
0.000954
0.056007
0.030062
0.994117
0.976711
0.075499
0.999130
0.015797
0.822770
0.014410
0.077818
0.861822
0.813228
0.177063
