1.000000
0.000000
0.000000
0.000000
0.000000
0.000000
0.000000
0.000000
0.000000
0.000000
0.000000
0.000000
0.000000
0.000000
0.000000
0.000000
0.000000
0.000000
0.000000
0.000000
0.000000
0.000000
0.000000
0.000000
0.000000
0.000000
0.000000
0.000000
0.000000
0.000000
0.000000
0.000000
0.000000
0.000000
0.000000
0.000000
0.000000
0.000000
0.000000
0.000000
0.000000
0.000000
0.000000
0.000000
0.000000
0.000000
0.000000
0.000000
0.000000
0.000000
0.000000
0.000000
0.000000
0.000000
0.000000
0.000000
0.000000
0.000000
0.000000
0.000000
0.000000
0.000000
0.000000
0.000000
0.000000
0.000000
0.000000
0.000000
0.000000
0.000000
0.000000
0.000000
0.000000
0.000000
0.000000
0.000000
0.000000
0.000000
0.000000
0.000000
0.000000
0.003922
0.003922
0.000000
0.000000
0.000000
0.000000
0.000000
0.000000
0.000000
0.003922
0.003922
0.015686
0.074510
0.192157
0.000000
0.000000
0.000000
0.000000
0.000000
0.000000
0.000000
0.000000
0.000000
0.000000
0.003922
0.058824
0.062745
0.043137
0.031373
0.000000
0.000000
0.003922
0.270588
0.380392
0.031373
0.023529
0.050980
0.070588
0.113725
0.219608
0.301961
0.443137
0.509804
0.666667
0.847059
0.976471
0.000000
0.000000
0.000000
0.000000
0.000000
0.000000
0.000000
0.000000
0.000000
0.000000
0.168627
0.792157
0.835294
0.784314
0.686275
0.286275
0.219608
0.274510
0.839216
0.968627
0.698039
0.701961
0.811765
0.858824
0.913725
0.972549
0.988235
1.000000
1.000000
1.000000
1.000000
0.984314
0.000000
0.000000
0.000000
0.000000
0.000000
0.000000
0.000000
0.000000
0.007843
0.000000
0.349020
1.000000
1.000000
1.000000
1.000000
0.988235
0.972549
0.984314
1.000000
1.000000
1.000000
1.000000
1.000000
0.996078
0.984314
0.980392
0.925490
0.882353
0.780392
0.709804
0.941176
0.615686
0.000000
0.000000
0.000000
0.000000
0.000000
0.000000
0.031373
0.247059
0.482353
0.125490
0.098039
0.690196
0.941176
0.988235
0.960784
0.988235
0.952941
0.917647
0.960784
1.000000
0.800000
0.509804
0.474510
0.356863
0.266667
0.231373
0.117647
0.082353
0.035294
0.027451
0.254902
0.121569
0.000000
0.000000
0.000000
0.000000
0.000000
0.074510
0.607843
0.972549
1.000000
0.482353
0.000000
0.035294
0.129412
0.215686
0.145098
0.215686
0.137255
0.098039
0.490196
1.000000
0.654902
0.015686
0.003922
0.000000
0.000000
0.000000
0.000000
0.000000
0.000000
0.000000
0.000000
0.000000
0.000000
0.000000
0.000000
0.000000
0.121569
0.729412
1.000000
1.000000
1.000000
0.435294
0.000000
0.000000
0.000000
0.000000
0.000000
0.000000
0.000000
0.000000
0.160784
0.956863
0.929412
0.086275
0.000000
0.000000
0.000000
0.000000
0.000000
0.000000
0.000000
0.000000
0.000000
0.000000
0.000000
0.000000
0.000000
0.000000
0.588235
1.000000
1.000000
1.000000
0.968627
0.200000
0.000000
0.000000
0.000000
0.000000
0.000000
0.000000
0.000000
0.000000
0.019608
0.721569
1.000000
0.254902
0.000000
0.000000
0.000000
0.000000
0.000000
0.000000
0.000000
0.000000
0.000000
0.000000
0.000000
0.000000
0.000000
0.000000
0.921569
1.000000
1.000000
1.000000
0.658824
0.019608
0.000000
0.000000
0.000000
0.000000
0.000000
0.000000
0.000000
0.000000
0.011765
0.482353
1.000000
0.505882
0.000000
0.000000
0.000000
0.000000
0.000000
0.000000
0.000000
0.000000
0.000000
0.000000
0.000000
0.000000
0.000000
0.000000
1.000000
1.000000
1.000000
0.964706
0.215686
0.000000
0.000000
0.000000
0.000000
0.000000
0.000000
0.000000
0.003922
0.149020
0.549020
0.713725
1.000000
0.752941
0.015686
0.000000
0.000000
0.000000
0.000000
0.000000
0.000000
0.000000
0.000000
0.000000
0.000000
0.000000
0.000000
0.000000
0.905882
1.000000
1.000000
0.752941
0.109804
0.050980
0.027451
0.027451
0.054902
0.086275
0.160784
0.274510
0.427451
0.854902
1.000000
1.000000
1.000000
0.886275
0.047059
0.000000
0.000000
0.000000
0.000000
0.000000
0.000000
0.000000
0.000000
0.000000
0.000000
0.000000
0.000000
0.000000
0.447059
1.000000
1.000000
0.984314
0.909804
0.823529
0.752941
0.745098
0.835294
0.901961
0.964706
1.000000
1.000000
1.000000
0.992157
0.721569
0.917647
0.921569
0.062745
0.000000
0.000000
0.000000
0.000000
0.000000
0.000000
0.000000
0.000000
0.000000
0.000000
0.000000
0.000000
0.000000
0.490196
1.000000
0.913725
0.890196
0.960784
0.972549
1.000000
1.000000
1.000000
0.976471
0.925490
0.796078
0.615686
0.454902
0.290196
0.074510
0.796078
0.964706
0.109804
0.000000
0.000000
0.000000
0.000000
0.000000
0.000000
0.000000
0.000000
0.000000
0.000000
0.000000
0.000000
0.000000
0.901961
0.988235
0.290196
0.101961
0.180392
0.207843
0.333333
0.376471
0.337255
0.227451
0.125490
0.050980
0.015686
0.003922
0.000000
0.015686
0.776471
0.984314
0.160784
0.000000
0.000000
0.000000
0.000000
0.000000
0.000000
0.000000
0.000000
0.000000
0.000000
0.000000
0.000000
0.000000
1.000000
0.882353
0.058824
0.000000
0.000000
0.000000
0.000000
0.000000
0.000000
0.000000
0.000000
0.000000
0.000000
0.000000
0.000000
0.011765
0.745098
0.992157
0.223529
0.000000
0.000000
0.000000
0.000000
0.000000
0.000000
0.000000
0.000000
0.000000
0.000000
0.000000
0.000000
0.000000
1.000000
0.772549
0.015686
0.000000
0.000000
0.000000
0.000000
0.000000
0.000000
0.000000
0.000000
0.000000
0.000000
0.000000
0.000000
0.003922
0.635294
1.000000
0.337255
0.000000
0.000000
0.000000
0.000000
0.000000
0.000000
0.000000
0.000000
0.000000
0.000000
0.000000
0.000000
0.000000
1.000000
0.756863
0.015686
0.000000
0.000000
0.000000
0.000000
0.035294
0.109804
0.203922
0.129412
0.007843
0.000000
0.000000
0.000000
0.000000
0.568627
1.000000
0.376471
0.000000
0.000000
0.000000
0.000000
0.000000
0.000000
0.000000
0.000000
0.000000
0.000000
0.000000
0.000000
0.000000
1.000000
0.882353
0.066667
0.000000
0.000000
0.000000
0.082353
0.686275
0.937255
0.988235
0.905882
0.341176
0.003922
0.000000
0.000000
0.000000
0.545098
1.000000
0.376471
0.000000
0.000000
0.000000
0.000000
0.000000
0.000000
0.000000
0.000000
0.000000
0.000000
0.000000
0.000000
0.000000
0.886275
0.992157
0.392157
0.003922
0.000000
0.007843
0.533333
1.000000
1.000000
1.000000
1.000000
0.878431
0.058824
0.000000
0.000000
0.000000
0.529412
1.000000
0.368627
0.000000
0.000000
0.000000
0.000000
0.000000
0.000000
0.000000
0.000000
0.000000
0.000000
0.000000
0.000000
0.000000
0.494118
1.000000
0.901961
0.211765
0.007843
0.086275
0.913725
0.988235
0.674510
0.580392
0.984314
0.984314
0.152941
0.000000
0.000000
0.000000
0.549020
1.000000
0.388235
0.000000
0.000000
0.000000
0.000000
0.000000
0.000000
0.000000
0.000000
0.000000
0.000000
0.000000
0.000000
0.000000
0.078431
0.788235
1.000000
0.882353
0.298039
0.227451
1.000000
0.756863
0.062745
0.031373
0.776471
0.980392
0.137255
0.000000
0.000000
0.000000
0.443137
1.000000
0.454902
0.000000
0.000000
0.000000
0.000000
0.000000
0.000000
0.000000
0.000000
0.000000
0.000000
0.000000
0.000000
0.000000
0.000000
0.200000
0.890196
1.000000
0.964706
0.796078
1.000000
0.772549
0.105882
0.301961
0.890196
0.843137
0.043137
0.000000
0.000000
0.000000
0.321569
0.996078
0.352941
0.000000
0.000000
0.000000
0.000000
0.000000
0.000000
0.000000
0.000000
0.000000
0.000000
0.000000
0.000000
0.000000
0.000000
0.003922
0.223529
0.780392
0.992157
1.000000
1.000000
0.988235
0.909804
0.992157
0.976471
0.392157
0.003922
0.000000
0.000000
0.000000
0.058824
0.384314
0.070588
0.000000
0.000000
0.000000
0.000000
0.000000
0.000000
0.000000
0.000000
0.000000
0.000000
0.000000
0.000000
0.000000
0.000000
0.000000
0.003922
0.062745
0.392157
0.796078
0.984314
1.000000
0.988235
0.843137
0.372549
0.023529
0.000000
0.000000
0.000000
0.000000
0.000000
0.003922
0.000000
0.000000
0.000000
0.000000
0.000000
0.000000
0.000000
0.000000
0.000000
0.000000
0.000000
0.000000
0.000000
0.000000
0.000000
0.000000
0.000000
0.000000
0.003922
0.054902
0.580392
1.000000
0.835294
0.121569
0.007843
0.000000
0.000000
0.000000
0.000000
0.000000
0.000000
0.000000
0.000000
0.000000
0.000000
0.000000
0.000000
0.000000
0.000000
0.000000
0.000000
0.000000
0.000000
0.000000
0.000000
0.000000
0.000000
0.000000
0.000000
0.000000
0.000000
0.000000
0.129412
0.898039
0.992157
0.494118
0.129412
0.129412
0.047059
0.000000
0.000000
0.000000
0.000000
0.000000
0.000000
0.000000
0.000000
0.000000
0.000000
0.000000
0.000000
0.000000
0.000000
0.000000
0.000000
0.000000
0.000000
0.000000
0.000000
0.000000
0.000000
0.000000
0.000000
0.000000
0.003922
0.505882
1.000000
0.992157
0.929412
0.921569
0.349020
0.000000
0.000000
0.000000
0.000000
0.000000
0.000000
0.000000
0.000000
0.000000
0.000000
0.000000
0.000000
0.000000
0.000000
0.000000
0.000000
0.000000
0.000000
0.000000
0.000000
0.000000
0.000000
0.000000
0.000000
0.000000
0.000000
0.117647
0.886275
1.000000
1.000000
0.894118
0.192157
0.000000
0.000000
0.000000
0.000000
0.000000
0.000000
0.000000
0.000000
0.000000
0.000000
0.000000
0.000000
0.000000
0.000000
0.000000
0.000000
0.000000
0.000000
0.000000
0.000000
0.000000
0.000000
0.000000
0.000000
0.000000
0.000000
0.000000
0.000000
0.000000
0.000000
0.000000
0.000000
0.000000
0.000000
0.000000
0.000000
0.000000
0.000000
0.000000
0.000000
0.000000
0.000000
0.000000
0.000000
0.000000
0.000000
0.000000
0.000000
0.000000
0.000000
0.000000
0.000000
0.000000
0.000000
0.000000
0.000000
0.000000
0.000000
0.000000
0.000000
0.000000
0.000000
0.000000
0.000000
0.000000
0.000000
0.000000
0.000000
0.000000
0.000000
0.000000
0.000000
0.000000
0.000000
0.000000
0.000000
0.000000
0.000000
0.000000
0.000000
0.000000
